item_id	alpha	topic_vector
2872bbf4-dc85-4343-aecf-52d61692d6b0	[2,2,2,2,2,20,2,2,2,2]	[0.04604294,0.00282065,0.00949894,0.05831217,0.01474875,0.68685825,0.03957804,0.00586726,0.09672766,0.03954535]
2b2c988a-7117-4635-9c2e-7973f71d6f22	[2,2,2,2,2,20,2,2,2,2]	[0.04653665,0.06126529,0.00902568,0.05247433,0.02446256,0.63482675,0.03650915,0.05888199,0.04146397,0.03455363]
03baae5e-88bf-4c0b-889f-dba54d2df288	[2,2,2,2,2,20,2,2,2,2]	[0.02685802,0.01162678,0.00886992,0.01867039,0.10451303,0.61941716,0.03636367,0.03666885,0.04515490,0.09185727]
aeb05d1c-14f0-4d7b-b693-cef04e594c2a	[2,2,2,2,2,20,2,2,2,2]	[0.03317690,0.07854137,0.01249408,0.07278264,0.11159614,0.51781272,0.01563365,0.06160470,0.04248903,0.05386877]
ccff388a-cb80-4b62-ace2-b33afdf82bfb	[2,2,2,2,2,20,2,2,2,2]	[0.05825828,0.02258981,0.01967894,0.15297795,0.04519466,0.47855672,0.05588700,0.06609320,0.04015272,0.06061073]
db9c94a8-227b-44b4-8407-90ecf5909f60	[2,2,2,2,2,20,2,2,2,2]	[0.03398998,0.01048278,0.02667187,0.05304948,0.04757953,0.73199776,0.03223589,0.00598709,0.04269177,0.01531385]
ed17fbf4-df77-4a54-bdd1-6d86768bc2a5	[2,2,2,2,2,20,2,2,2,2]	[0.03222169,0.04469500,0.02332275,0.01146885,0.03467160,0.71666884,0.04854994,0.05122517,0.02130701,0.01586913]
7f684159-a59a-4d3d-888d-968a6c75af35	[2,2,2,2,2,20,2,2,2,2]	[0.11594129,0.00304474,0.02836902,0.16422022,0.05000922,0.45315408,0.07444861,0.03822198,0.00826496,0.06432588]
995ff100-525d-4456-826a-2175bbf56b77	[2,2,2,2,2,20,2,2,2,2]	[0.04310149,0.04119101,0.05896243,0.01316068,0.05218541,0.51476393,0.08602937,0.02110395,0.09670463,0.07279710]
6eb7decb-3915-403f-b027-8a680f72a5d5	[2,2,2,2,2,20,2,2,2,2]	[0.03759639,0.04243026,0.00270038,0.04149926,0.07135997,0.48028744,0.08850610,0.05851181,0.15394397,0.02316441]
d36669f7-dc57-4888-acd1-71c99db96a4a	[2,2,2,2,2,20,2,2,2,2]	[0.06784778,0.01131793,0.03628922,0.06227275,0.07091906,0.48123875,0.09713596,0.11188750,0.02386964,0.03722141]
c8eae2e0-ef2b-4780-ae58-bf8f509ca9a8	[2,2,2,2,2,20,2,2,2,2]	[0.03080343,0.02478657,0.09669807,0.09593730,0.03166827,0.54298795,0.08080322,0.04641775,0.02971744,0.02017998]
13fe36a0-3ee9-48af-9a23-cd0708f8754b	[2,2,2,2,2,20,2,2,2,2]	[0.08006788,0.01368637,0.03728143,0.03212259,0.01279386,0.56726769,0.04049908,0.02025130,0.11556153,0.08046827]
fc7be934-001e-47be-81f4-8e058503e903	[2,2,2,2,2,20,2,2,2,2]	[0.03839865,0.07074115,0.08276032,0.09431479,0.02059346,0.55858716,0.03216480,0.04390127,0.02153873,0.03699968]
47962637-5d38-4bef-b15c-89f95dbf80df	[2,2,2,2,2,20,2,2,2,2]	[0.08201591,0.12729964,0.03925673,0.01897273,0.14018110,0.44474978,0.00776836,0.02650842,0.09179308,0.02145425]
99568758-05e1-4027-bf08-1e1711a8232b	[2,2,2,2,2,20,2,2,2,2]	[0.01032498,0.03321010,0.09026317,0.04313800,0.00866336,0.59824702,0.03944017,0.06053564,0.00677814,0.10939941]
252df1ac-1748-4bda-b0ff-c190d63d79ae	[2,2,2,2,2,20,2,2,2,2]	[0.03113601,0.00864898,0.05105625,0.08507635,0.06752115,0.59992588,0.06320010,0.04759912,0.00948781,0.03634835]
76245a02-8456-476c-923d-5d8e9d0cea48	[2,2,2,2,2,20,2,2,2,2]	[0.03405907,0.11385770,0.09636784,0.03040146,0.07973671,0.54412576,0.00818755,0.00295867,0.07304672,0.01725852]
f6076936-037d-4d0c-9510-387ad3c414ae	[2,2,2,2,2,20,2,2,2,2]	[0.02117410,0.03022914,0.09145807,0.11987813,0.11809910,0.44426486,0.02906765,0.02492757,0.09141044,0.02949094]
be776adf-b825-47ad-b514-34a7dcb5dec5	[2,2,2,2,2,20,2,2,2,2]	[0.02818771,0.05522256,0.03270165,0.04062436,0.02736439,0.47901814,0.06755451,0.04643159,0.06774565,0.15514943]
c403580e-3e6b-4bf7-bf85-8173d2abb308	[2,2,2,2,2,20,2,2,2,2]	[0.07918666,0.04457362,0.06001413,0.10537434,0.03288601,0.50190941,0.05925296,0.04392660,0.02031902,0.05255724]
7c5d057e-ead1-461f-b1f3-841f900ea933	[2,2,2,2,2,20,2,2,2,2]	[0.08438505,0.04604390,0.01162813,0.05152033,0.02593184,0.61912262,0.04860198,0.01960548,0.05433776,0.03882293]
611a9a1d-3e23-410f-a139-f82068ee75d6	[2,2,2,2,2,20,2,2,2,2]	[0.12267911,0.03322748,0.07542516,0.01103089,0.05531565,0.46799448,0.05885506,0.06896035,0.07332720,0.03318462]
8209831a-6b99-4e3f-9bf6-d1720faef2ae	[2,2,2,2,2,20,2,2,2,2]	[0.04735431,0.09402086,0.13240799,0.04859857,0.09580311,0.42042512,0.03154140,0.05270437,0.04019515,0.03694911]
3991eb37-b0f8-4e72-9eaf-129488ea65b0	[2,2,2,2,2,20,2,2,2,2]	[0.10393163,0.02002180,0.02197547,0.01456596,0.06295180,0.56104537,0.09701109,0.05898546,0.03177687,0.02773453]
7546a439-b16a-4fbe-943f-0a9df7dbf872	[2,2,2,2,2,20,2,2,2,2]	[0.03462006,0.01349370,0.08178385,0.02925177,0.00933597,0.61588957,0.03503142,0.06030694,0.02490098,0.09538575]
9003c843-c3f6-4b13-8544-f04a274ff432	[2,2,2,2,2,20,2,2,2,2]	[0.02123633,0.03404844,0.00711513,0.10490668,0.02494257,0.55949879,0.06137524,0.09342566,0.05240548,0.04104568]
bdd39252-481e-4042-8b91-ec445f8f6613	[2,2,2,2,2,20,2,2,2,2]	[0.08703859,0.06074427,0.03628237,0.10832408,0.06421278,0.39039620,0.12176736,0.02729412,0.09327654,0.01066368]
a7282ced-1021-4004-b4bd-618a22fafb31	[2,2,2,2,2,20,2,2,2,2]	[0.09102872,0.01548437,0.05405022,0.06609483,0.03877076,0.55272627,0.01888064,0.08450983,0.05622602,0.02222835]
adb31ecd-52a4-497c-9ab1-6d52dfe1b496	[2,2,2,2,2,20,2,2,2,2]	[0.05045137,0.05161683,0.04276580,0.00261980,0.03000061,0.57614977,0.05999982,0.05871051,0.04877255,0.07891294]
3e24d48d-d795-419e-8b2d-031899ea413f	[2,2,2,2,2,20,2,2,2,2]	[0.02934186,0.02422196,0.15404296,0.02675502,0.01445770,0.53521017,0.05185642,0.09347334,0.03544180,0.03519877]
66bf7645-218c-4521-a6b3-820d8118f330	[2,2,2,2,2,20,2,2,2,2]	[0.04355633,0.02762995,0.01053711,0.01411400,0.10032035,0.59872289,0.04241576,0.06371814,0.07371512,0.02527035]
1d9b3916-0eed-431d-abbd-a42e91ee2587	[2,2,2,2,2,20,2,2,2,2]	[0.01591902,0.08562271,0.00358462,0.05909900,0.04555151,0.58451133,0.06066099,0.05816210,0.01746956,0.06941917]
cd6dbbdd-5cdf-46aa-8edd-937301284bfe	[2,2,2,2,2,20,2,2,2,2]	[0.05388567,0.01959977,0.04578686,0.01419126,0.03471838,0.75830475,0.01656577,0.00954038,0.01307970,0.03432746]
916a5701-8f80-4253-b68b-9898db22b2a5	[2,2,2,2,2,20,2,2,2,2]	[0.08783223,0.05621293,0.01521105,0.08702333,0.00754885,0.47992340,0.03363660,0.11495652,0.05794939,0.05970571]
896a0ee1-5906-4667-a943-194a6ced07f6	[2,2,2,2,2,20,2,2,2,2]	[0.01289274,0.03044394,0.08628585,0.05896413,0.07437341,0.53309530,0.08693980,0.01280719,0.03864054,0.06555710]
748015f8-fdfe-4480-932b-96ad64372c8b	[2,2,2,2,2,20,2,2,2,2]	[0.00962052,0.00203193,0.15895613,0.05304168,0.00854722,0.59273824,0.01563223,0.02176015,0.10655685,0.03111506]
b4058b66-7a6c-4ca7-92a5-1473d3e83136	[2,2,2,2,2,20,2,2,2,2]	[0.02317673,0.01134634,0.02773235,0.04177747,0.02331523,0.68799309,0.01431858,0.01423777,0.02681167,0.12929077]
6eff9081-1b78-45db-a56e-0a009fb421e6	[2,2,2,2,2,20,2,2,2,2]	[0.07710235,0.02845791,0.02847783,0.01733522,0.03286384,0.52198187,0.07458363,0.06366073,0.03196284,0.12357378]
39856791-d3e1-4404-af2d-9fb4b75d055b	[2,2,2,2,2,20,2,2,2,2]	[0.02948907,0.01285598,0.06368885,0.11163660,0.05157544,0.47361357,0.05981516,0.06566683,0.07091695,0.06074155]
a2cb1306-5e08-40a7-820d-a9fc573364f4	[2,2,2,2,2,20,2,2,2,2]	[0.09364453,0.01521981,0.00071135,0.00579920,0.01210976,0.59444781,0.03130819,0.11710886,0.01414111,0.11550938]
9c0de0ae-e9b7-4773-ba03-dff9776bed54	[2,2,2,2,2,20,2,2,2,2]	[0.01535982,0.02866600,0.00602360,0.08676045,0.03189736,0.64826007,0.07296051,0.02809562,0.01771846,0.06425812]
9bafab81-83e1-4631-bd60-3ff8e8938703	[2,2,2,2,2,20,2,2,2,2]	[0.04324107,0.02108606,0.04572533,0.00482671,0.05691574,0.57837302,0.01406931,0.09836424,0.08429127,0.05310724]
f70b98b8-1bfa-41f2-ac06-93a1eb335d3b	[2,2,2,2,2,20,2,2,2,2]	[0.01873208,0.07119118,0.03226004,0.05126119,0.07616098,0.37603605,0.00748054,0.02963974,0.15634939,0.18088880]
8283a853-436a-4ecf-9fae-2d7306c8b327	[2,2,2,2,2,20,2,2,2,2]	[0.04798949,0.07370761,0.03533926,0.03923675,0.03069646,0.55905791,0.10434531,0.03852379,0.03910326,0.03200016]
4d4bf9ae-38bd-44fd-8eff-e5a319ce7cb4	[2,2,2,2,2,20,2,2,2,2]	[0.09609806,0.06094972,0.01358774,0.11365200,0.00201873,0.54580839,0.06845191,0.03496321,0.03429813,0.03017212]
814a3620-e0ca-44b9-9876-3da2fc2f8b16	[2,2,2,2,2,20,2,2,2,2]	[0.01490766,0.11282493,0.03511435,0.01465176,0.10823626,0.46016311,0.05161444,0.12496283,0.05690780,0.02061686]
2fbcb38d-1d45-40d9-b131-956714412543	[2,2,2,2,2,20,2,2,2,2]	[0.07584192,0.02163986,0.03224184,0.05929476,0.09233212,0.48490630,0.04121415,0.04086149,0.10374943,0.04791811]
47164f8e-03f4-4c9d-bf3a-4e97ecb83075	[2,2,2,2,2,20,2,2,2,2]	[0.09809874,0.02006605,0.01870680,0.07711782,0.04448896,0.59100968,0.07515712,0.00917178,0.02929209,0.03689096]
e9c32fd5-246f-4018-b4f3-a3e2a2404168	[2,2,2,2,2,20,2,2,2,2]	[0.04380544,0.03257131,0.04314141,0.04489280,0.02287557,0.55122397,0.11356250,0.06282605,0.05022274,0.03487820]
7ab44318-e143-4499-a878-b467004682e2	[2,2,2,2,2,20,2,2,2,2]	[0.04561343,0.04911453,0.01546410,0.07546932,0.02641287,0.59646510,0.04177843,0.07638429,0.06173608,0.01156186]
4c1e1ba3-b880-4dcf-a3fe-5890302027d9	[2,2,2,2,2,20,2,2,2,2]	[0.10730065,0.02236094,0.02864828,0.03081691,0.00873891,0.51883685,0.09153807,0.11228325,0.03713308,0.04234307]
5ca9ee0e-85f6-4e3f-a1e2-d1d55ae9148b	[2,2,2,2,2,20,2,2,2,2]	[0.07976119,0.04070320,0.10428882,0.04367467,0.02113238,0.55957854,0.01145227,0.05375488,0.06157399,0.02408007]
a23b4c78-173d-4259-b892-52a4c8c8b1bd	[2,2,2,2,2,20,2,2,2,2]	[0.05138220,0.03168313,0.01993565,0.00844543,0.01103890,0.64657539,0.03064755,0.05195714,0.03398110,0.11435350]
5e9b9d64-faf5-4249-b3d6-9329aab4b061	[2,2,2,2,2,20,2,2,2,2]	[0.02239739,0.04656208,0.02935114,0.08968527,0.05766663,0.51534946,0.01409661,0.16683021,0.03889317,0.01916803]
51c8f3d6-bc54-4637-818d-b42ae3c12e8d	[2,2,2,2,2,20,2,2,2,2]	[0.01170515,0.01470420,0.05538447,0.11177010,0.06764785,0.43910604,0.05529532,0.13550756,0.04107998,0.06779933]
f597b7da-d91f-4c39-96ed-c44a113ed4cc	[2,2,2,2,2,20,2,2,2,2]	[0.04375556,0.08130754,0.02798577,0.00057089,0.01892403,0.58158298,0.05250275,0.03923013,0.03857614,0.11556421]
6ef20f21-881e-4559-ae27-65b48c2b4537	[2,2,2,2,2,20,2,2,2,2]	[0.01444453,0.03747106,0.00899628,0.06138167,0.04473259,0.66598028,0.01391332,0.10978251,0.01577868,0.02751908]
e5a29390-c9c5-4fe6-b30b-f5c1567f74e5	[2,2,2,2,2,20,2,2,2,2]	[0.01813284,0.23118475,0.08500043,0.08567229,0.02923853,0.41011875,0.04531311,0.03845043,0.00904914,0.04783973]
01d36abf-ad4a-438e-b229-a435d30209e8	[2,2,2,2,2,20,2,2,2,2]	[0.04180131,0.05837451,0.00346580,0.01261720,0.01974035,0.60315164,0.08587805,0.05335828,0.03082275,0.09079011]
ab36c52d-2c04-42c0-b558-2d1dcf61a3d4	[2,2,2,2,2,20,2,2,2,2]	[0.05398057,0.09700408,0.06132156,0.00776541,0.00306063,0.47461772,0.08268352,0.02761705,0.11450849,0.07744097]
1412651d-9eed-4d7a-8716-92fdad04f0ac	[2,2,2,2,2,20,2,2,2,2]	[0.15311991,0.04575400,0.02627507,0.02267587,0.09337105,0.50204229,0.01319467,0.03727723,0.07461395,0.03167597]
6190afc2-f7d1-4cff-a88e-8ef6a4728064	[2,2,2,2,2,20,2,2,2,2]	[0.08676979,0.09871073,0.00129017,0.05647059,0.02518317,0.58298661,0.05790095,0.04593333,0.03628365,0.00847101]
315eb8da-ed7f-41a8-bd0d-f7475990adb6	[2,2,2,2,2,20,2,2,2,2]	[0.17709998,0.01319914,0.13042695,0.06953176,0.02759991,0.42744170,0.00845596,0.04347800,0.00805171,0.09471488]
f76e28aa-1632-4fb1-acf9-9f8a1c7317be	[2,2,2,2,2,20,2,2,2,2]	[0.05083844,0.04035898,0.04455801,0.05240523,0.03128113,0.46425925,0.13696118,0.08636244,0.06595773,0.02701761]
43389356-bcbd-4ef8-b8a1-b71d9703f1a1	[2,2,2,2,2,20,2,2,2,2]	[0.00664464,0.08214572,0.06036878,0.04649898,0.05273507,0.49929824,0.02448979,0.11743185,0.00449991,0.10588701]
6c379efa-fec3-4504-8ab9-840764a87985	[2,2,2,2,2,20,2,2,2,2]	[0.13611525,0.07364715,0.07099318,0.02211257,0.02538233,0.54574758,0.01351356,0.02366802,0.05481824,0.03400211]
f9a26fcc-dedb-4163-bf1f-eb99295ef4c8	[2,2,2,2,2,20,2,2,2,2]	[0.05198550,0.09459459,0.05167576,0.06348861,0.00846763,0.67200158,0.00820078,0.02835502,0.01582219,0.00540834]
002fbb17-f756-475d-96aa-ca2aad536abf	[2,2,2,2,2,20,2,2,2,2]	[0.05284183,0.07199892,0.13085460,0.05881879,0.02222651,0.50552143,0.00697758,0.03440348,0.04659089,0.06976597]
218fc53c-c4f6-4c50-834f-aa5cb30c2626	[2,2,2,2,2,20,2,2,2,2]	[0.08816474,0.07143188,0.02102998,0.01560934,0.08363551,0.36666983,0.18353726,0.02541370,0.11469291,0.02981484]
292ca732-f5e6-440c-a64c-9063db94465d	[2,2,2,2,2,20,2,2,2,2]	[0.09272985,0.01953695,0.06182821,0.00958894,0.07750745,0.53705353,0.02241237,0.04166707,0.04926542,0.08841022]
a1397f6d-9f0a-4abe-acef-c0c18a287d78	[2,2,2,2,2,20,2,2,2,2]	[0.05881177,0.04807960,0.08253293,0.05758458,0.06073573,0.39808260,0.08709344,0.07961750,0.04990384,0.07755802]
3a8e19fb-30d3-4ff5-af1b-84310cd2c9ed	[2,2,2,2,2,20,2,2,2,2]	[0.03409868,0.10060807,0.03796297,0.03317569,0.04736588,0.62372603,0.02170883,0.04506106,0.02315102,0.03314176]
76735355-58eb-42de-a3ed-0e1ba9459ac7	[2,2,2,2,2,20,2,2,2,2]	[0.01700222,0.05036367,0.03674663,0.06460292,0.07769067,0.57296403,0.02475745,0.04904107,0.08994876,0.01688259]
81f126f7-d989-46af-9e52-5a6931960962	[2,2,2,2,2,20,2,2,2,2]	[0.04074949,0.01834080,0.12044492,0.09113931,0.05659916,0.50288880,0.01999116,0.09867363,0.02936849,0.02180424]
e6b51dc5-4aa7-44ad-bb38-78a6f64ba727	[2,2,2,2,2,20,2,2,2,2]	[0.07840158,0.02577561,0.02151920,0.06539680,0.01209991,0.48163989,0.03911666,0.06155666,0.05004793,0.16444576]
96bd698f-3567-448f-b757-db04191974a0	[2,2,2,2,2,20,2,2,2,2]	[0.03553571,0.02176868,0.03037103,0.04204220,0.09339123,0.41393294,0.01533285,0.27101139,0.06208738,0.01452659]
8b1056e7-8190-43b4-9c13-7a405fdf8618	[2,2,2,2,2,20,2,2,2,2]	[0.02476217,0.02042494,0.06459402,0.06675118,0.03818396,0.57028208,0.02529937,0.10837915,0.05319061,0.02813251]
ea77a775-8aee-4f11-b072-fe6b48664984	[2,2,2,2,2,20,2,2,2,2]	[0.04671653,0.05373220,0.05819532,0.04536448,0.04010792,0.66482919,0.01679248,0.03601129,0.00598998,0.03226062]
50622f28-7797-45a1-9dec-47a555cf8f13	[2,2,2,2,2,20,2,2,2,2]	[0.06637418,0.10474160,0.00839043,0.06488172,0.19587097,0.32996923,0.08275909,0.01874958,0.04351838,0.08474482]
660d841b-0e64-4357-9a63-84b24b95a002	[2,2,2,2,2,20,2,2,2,2]	[0.02936899,0.06076765,0.05811140,0.04715398,0.01442856,0.49699428,0.17982796,0.03538890,0.03906381,0.03889448]
c2d03716-6578-4a9a-970d-a9f28c145873	[2,2,2,2,2,20,2,2,2,2]	[0.07818240,0.03594279,0.04242549,0.04930905,0.08444516,0.51507768,0.04625701,0.02706263,0.05464209,0.06665571]
6e095f81-a284-4b9b-bb3d-a48ce9df093c	[2,2,2,2,2,20,2,2,2,2]	[0.05890349,0.12015310,0.01858462,0.03699515,0.03040355,0.61807216,0.06052880,0.00770920,0.02112905,0.02752089]
3f3506c1-1a18-4a03-8dac-0d50514d0b2c	[2,2,2,2,2,20,2,2,2,2]	[0.01096572,0.04775010,0.02879780,0.15071796,0.05568786,0.48623374,0.01872610,0.04212189,0.12160527,0.03739354]
bdee58cd-f4ca-4de7-997a-6b49030fc1f3	[2,2,2,2,2,20,2,2,2,2]	[0.04263733,0.09551838,0.05478519,0.07944153,0.05893165,0.57240320,0.00888400,0.01642840,0.05049856,0.02047176]
9e4231b6-2bbc-4bb2-aada-dcf91c4b3641	[2,2,2,2,2,20,2,2,2,2]	[0.05200875,0.01840911,0.11788316,0.02793430,0.02303719,0.47158972,0.08784530,0.05195224,0.11490763,0.03443260]
49dbd3a9-df35-449e-8152-15c55f3f3394	[2,2,2,2,2,20,2,2,2,2]	[0.01631376,0.04162266,0.10871186,0.00879975,0.05487475,0.58772847,0.12106328,0.02168688,0.00814212,0.03105647]
6700311d-d3d1-49cb-a1bc-5e3d95a23d9d	[2,2,2,2,2,20,2,2,2,2]	[0.07147680,0.04043844,0.05684755,0.01545548,0.03253017,0.48845807,0.00920608,0.04141712,0.03010462,0.21406566]
f76c6981-ee2f-463e-87fe-8cdb999f4d5b	[2,2,2,2,2,20,2,2,2,2]	[0.04592692,0.13133042,0.06627039,0.04165975,0.11828317,0.42866454,0.03186591,0.08732966,0.00392622,0.04474302]
6c244dc2-2aef-43c8-8c5d-982415592dd3	[2,2,2,2,2,20,2,2,2,2]	[0.03840209,0.04838032,0.03324176,0.07330826,0.02050105,0.60678046,0.01521115,0.05127772,0.09398592,0.01891128]
d77989cd-8117-419d-98b4-7415806c7080	[2,2,2,2,2,20,2,2,2,2]	[0.02146561,0.07607754,0.04225034,0.00686947,0.04349910,0.51958713,0.07827806,0.04638303,0.05401478,0.11157492]
5e54fe7d-a3fe-464c-a0b9-afb5d312b7ba	[2,2,2,2,2,20,2,2,2,2]	[0.08060136,0.03375307,0.03739373,0.09558818,0.05190063,0.52505947,0.03289292,0.09308277,0.02086015,0.02886772]
23cb64c8-35d7-489c-a6b6-084a2c671b4f	[2,2,2,2,2,20,2,2,2,2]	[0.09064668,0.08988264,0.17520124,0.03959622,0.03250964,0.47729221,0.00872409,0.00433109,0.05130325,0.03051295]
9d6225b5-7f62-495a-9f08-68388e4b5319	[2,2,2,2,2,20,2,2,2,2]	[0.02726417,0.05619594,0.06567325,0.04711518,0.04809453,0.57564595,0.08764909,0.03339650,0.02228344,0.03668195]
c168069a-e42e-4a51-81b4-a60d5cc64851	[2,2,2,2,2,20,2,2,2,2]	[0.04722711,0.06925585,0.13356698,0.04271740,0.11133743,0.41338401,0.02000730,0.05518576,0.06126539,0.04605278]
584c47f9-9ffe-444a-a14a-d9016b16c7be	[2,2,2,2,2,20,2,2,2,2]	[0.19699204,0.02268062,0.08953076,0.01886819,0.05964610,0.44395581,0.04459992,0.05118556,0.03911706,0.03342393]
af879807-1193-4f3d-89d9-492a69cf334c	[2,2,2,2,2,20,2,2,2,2]	[0.00884732,0.10713550,0.01727424,0.04081907,0.07106406,0.51450970,0.05045160,0.09873645,0.04003887,0.05112319]
d6de6257-d08f-4eaa-a5d6-37c3046d9abb	[2,2,2,2,2,20,2,2,2,2]	[0.02542033,0.04527442,0.01825173,0.06674161,0.01419168,0.59287515,0.05943104,0.04912528,0.07602885,0.05265991]
18816fc7-13ac-459d-a7d2-171981d1c384	[2,2,2,2,2,20,2,2,2,2]	[0.00468927,0.01079400,0.02967821,0.06251346,0.05499928,0.63326266,0.01941426,0.05133073,0.04879683,0.08452129]
56395f6d-bdcc-4bfb-8e05-474ad0070bc6	[2,2,2,2,2,20,2,2,2,2]	[0.08615506,0.04523403,0.05641599,0.04892788,0.03569328,0.49136066,0.04183650,0.04051257,0.10797795,0.04588609]
